#  ###############  ###############  ###############  ###############   
#  ###############  ###############  ###############  ###############    
#  Problema a resolver (SVP / CVP)
CVP
#  Punto objetivo ( coordenadas -- 0 0 en caso de SVP)
-75 35 2 -75 115 167 51 -234 -154 28 -13 102 119 37 102
#  ###############  ###############  ###############  ###############   
#  Dimensión de la celosía
15
#  Base de la celosía: Se indican los vectores de la base, uno por linea
-1 0 -2 1 -2 -1 -2 1 -1 2 0 19 -2 0 -2
2 0 -1 2 2 1 2 -2 -1 17 -1 -2 2 -1 2
31 -8 -5 -1 3 -235 -36 104 166 20 114 -28 25 -60 -52
69 -22 -4 -2 4 -584 -107 260 381 47 289 -70 63 -148 -152
8 2 -50 7 28 2 8 -6 -8 57 -3 -14 4 1 1
2 -1 0 0 -2 -2 0 0 -2 -1 -1 -2 20 -2 1
50 -6 -20 17 9 -244 0 106 234 24 104 -28 23 -66 -9
-2 1 0 -1 2 20 -2 -1 -2 -1 -2 1 -2 -1 1
6 3 -1 -3 4 -2 -2 0 37 2 -3 -1 -1 -5 24
24 -1 4 -1 2 -40 8 0 7 0 6 -38 7 1 2
21 5 -6 -8 7 -64 -3 25 114 9 -5 -7 5 -12 48
10 1 -6 4 11 3 2 -4 34 54 11 -9 5 -9 8
0 19 -1 -1 0 -1 0 -1 -3 -1 -17 3 0 3 4
6 -1 -1 -2 -2 -4 -2 1 14 -1 -4 -5 40 -6 4
38 -16 -6 17 -31 -364 52 138 16 12 32 -13 46 -40 -31
#  ###############  ###############  ###############  ###############   
#  Reducción módulo n: valor numérico o N/A
N/A
#  ###############  ###############  ###############  ###############    
#  Solución al problema
N/D
#  ###############  ###############  ###############  ###############    
#  ###############  ###############  ###############  ###############   
